TITLE="Tetrahedral mesh"
VARIABLES= "x" "y" "z" "rho" "vx" "vy" "vz" "E" "p"
ZONE T="none",N=178,E=525,ET=TETRAHEDRON, F=FEPOINT
                   0	                   0	                   2	    1.00420501272651	                 0.4	                 0.3	                 0.3	    2.67071485216351	                   1
                   0	                   0	                   0	    1.02805018309078	                 0.4	                 0.3	                 0.3	    2.67476853112543	                   1
                   0	                   2	                   2	   0.995794987273487	                 0.4	                 0.3	                 0.3	    2.66928514783649	   0.999999999999997
                   0	                   2	                   0	    1.00452971084126	                 0.4	                 0.3	                 0.3	    2.67077005084301	   0.999999999999999
                   2	                   0	                   2	   0.995794987273473	                 0.4	                 0.3	                 0.3	    2.66928514783645	   0.999999999999982
                   2	                   0	                   0	    1.00420501272651	                 0.4	                 0.3	                 0.3	     2.6707148521635	   0.999999999999997
                   2	                   2	                   2	    0.97194981690919	                 0.4	                 0.3	                 0.3	    2.66523146887448	   0.999999999999968
                   2	                   2	                   0	   0.995794987273489	                 0.4	                 0.3	                 0.3	    2.66928514783649	                   1
                   0	                   0	                 0.4	    1.21708564618185	                 0.4	                 0.3	                 0.3	    2.70690455985092	                   1
                   0	                   0	                 0.8	    1.12400000249254	                 0.4	                 0.3	                 0.3	    2.69108000042374	                   1
                   0	                   0	                 1.2	   0.859550569963612	                 0.4	                 0.3	                 0.3	    2.64612359689382	                   1
                   0	                   0	                 1.6	   0.789197476044421	                 0.4	                 0.3	                 0.3	    2.63416357092755	   0.999999999999999
                   0	                 0.4	                   2	    1.21273400290823	                 0.4	                 0.3	                 0.3	     2.7061647804944	                   1
                   0	                 0.8	                   2	     1.1314768443601	                 0.4	                 0.3	                 0.3	    2.69235106354121	   0.999999999999997
                   0	                 1.2	                   2	   0.868523155639893	                 0.4	                 0.3	                 0.3	    2.64764893645878	                   1
                   0	                 1.6	                   2	    0.78764417092059	                 0.4	                 0.3	                 0.3	    2.63389950905649	   0.999999999999996
                   0	                   2	                 0.4	    1.21085646985379	                 0.4	                 0.3	                 0.3	    2.70584559987514	   0.999999999999999
                   0	                   2	                 0.8	     1.1314768443601	                 0.4	                 0.3	                 0.3	     2.6923510635412	   0.999999999999994
                   0	                   2	                 1.2	   0.854899521489981	                 0.4	                 0.3	                 0.3	     2.6453329186533	                   1
                   0	                   2	                 1.6	   0.793072552412044	                 0.4	                 0.3	                 0.3	    2.63482233391005	                   1
                   0	                 0.4	                   0	    1.22222537019475	                 0.4	                 0.3	                 0.3	    2.70777831293311	                   1
                   0	                 0.8	                   0	    1.12400000249254	                 0.4	                 0.3	                 0.3	    2.69108000042373	                   1
                   0	                 1.2	                   0	    0.85955056996361	                 0.4	                 0.3	                 0.3	    2.64612359689381	                   1
                   0	                 1.6	                   0	   0.775868293756266	                 0.4	                 0.3	                 0.3	    2.63189760993857	                   1
                   2	                   0	                 0.4	    1.21580534655308	                 0.4	                 0.3	                 0.3	    2.70668690891402	   0.999999999999998
                   2	                   0	                 0.8	    1.13147684436011	                 0.4	                 0.3	                 0.3	    2.69235106354122	   0.999999999999999
                   2	                   0	                 1.2	    0.86852315563989	                 0.4	                 0.3	                 0.3	    2.64764893645877	   0.999999999999997
                   2	                   0	                 1.6	   0.784194653446919	                 0.4	                 0.3	                 0.3	    2.63331309108597	   0.999999999999999
                   2	                 0.4	                   2	    1.21080252395555	                 0.4	                 0.3	                 0.3	    2.70583642907238	   0.999999999999973
                   2	                 0.8	                   2	    1.14044943003637	                 0.4	                 0.3	                 0.3	    2.69387640310614	   0.999999999999984
                   2	                 1.2	                   2	   0.875999997507452	                 0.4	                 0.3	                 0.3	    2.64891999957624	    0.99999999999999
                   2	                 1.6	                   2	   0.777774629805246	                 0.4	                 0.3	                 0.3	    2.63222168706687	    0.99999999999999
                   2	                   2	                 0.4	    1.21080252395557	                 0.4	                 0.3	                 0.3	    2.70583642907243	   0.999999999999994
                   2	                   2	                 0.8	    1.14044943003639	                 0.4	                 0.3	                 0.3	    2.69387640310618	   0.999999999999999
                   2	                   2	                 1.2	   0.875999997507462	                 0.4	                 0.3	                 0.3	    2.64891999957627	                   1
                   2	                   2	                 1.6	   0.782914353818145	                 0.4	                 0.3	                 0.3	    2.63309544014907	   0.999999999999994
                   2	                 0.4	                   0	    1.21229532621763	                 0.4	                 0.3	                 0.3	      2.706090205457	                   1
                   2	                 0.8	                   0	    1.13224596316845	                 0.4	                 0.3	                 0.3	    2.69248181373865	                   1
                   2	                 1.2	                   0	   0.867754036831556	                 0.4	                 0.3	                 0.3	    2.64751818626138	                   1
                   2	                 1.6	                   0	   0.785291496876084	                 0.4	                 0.3	                 0.3	    2.63349955446894	                   1
                 0.4	                   0	                   0	    1.21708564618185	                 0.4	                 0.3	                 0.3	    2.70690455985092	                   1
                 0.8	                   0	                   0	    1.12400000249254	                 0.4	                 0.3	                 0.3	    2.69108000042373	   0.999999999999999
                 1.2	                   0	                   0	   0.859550569963614	                 0.4	                 0.3	                 0.3	    2.64612359689383	    1.00000000000001
                 1.6	                   0	                   0	   0.789197476044424	                 0.4	                 0.3	                 0.3	    2.63416357092756	                   1
                 0.4	                   0	                   2	    1.21272623784845	                 0.4	                 0.3	                 0.3	    2.70616346043424	                   1
                 0.8	                   0	                   2	    1.14980869190051	                 0.4	                 0.3	                 0.3	    2.69546747762308	   0.999999999999998
                 1.2	                   0	                   2	   0.868523155639883	                 0.4	                 0.3	                 0.3	    2.64764893645876	   0.999999999999991
                 1.6	                   0	                   2	   0.787265997091766	                 0.4	                 0.3	                 0.3	     2.6338352195056	   0.999999999999999
                 0.4	                   2	                   0	    1.21087050669715	                 0.4	                 0.3	                 0.3	    2.70584798613852	                   1
                 0.8	                   2	                   0	    1.12935134124541	                 0.4	                 0.3	                 0.3	    2.69198972801172	   0.999999999999999
                 1.2	                   2	                   0	    0.87064507974091	                 0.4	                 0.3	                 0.3	    2.64800966355595	   0.999999999999997
                 1.6	                   2	                   0	   0.787265997091763	                 0.4	                 0.3	                 0.3	    2.63383521950559	   0.999999999999996
                 0.4	                   2	                   2	    1.22630997616737	                 0.4	                 0.3	                 0.3	    2.70847269594846	                   1
                 0.8	                   2	                   2	    1.19571601625794	                 0.4	                 0.3	                 0.3	    2.70327172276383	   0.999999999999993
                 1.2	                   2	                   2	   0.875999997507459	                 0.4	                 0.3	                 0.3	    2.64891999957626	   0.999999999999998
                 1.6	                   2	                   2	    0.78291435381815	                 0.4	                 0.3	                 0.3	    2.63309544014909	                   1
                   0	                 0.4	                 0.4	    1.12054705425889	                 0.4	                 0.3	                 0.3	    2.69049299922401	   0.999999999999999
                   0	                 0.8	                 0.4	   0.783474809619668	                 0.4	                 0.3	                 0.3	    2.63319071763534	                   1
                   0	                 1.2	                 0.4	   0.775632255125554	                 0.4	                 0.3	                 0.3	    2.63185748337135	                   1
                   0	                 1.6	                 0.4	    1.02156191422657	                 0.4	                 0.3	                 0.3	    2.67366552541852	                   1
                   0	                 0.4	                 0.8	   0.778837400526769	                 0.4	                 0.3	                 0.3	    2.63240235808955	                   1
                   0	                 0.8	                 0.8	   0.768705236136955	                 0.4	                 0.3	                 0.3	    2.63067989014328	                   1
                   0	                 1.2	                 0.8	    1.06839725433947	                 0.4	                 0.3	                 0.3	    2.68162753323771	                   1
                   0	                 1.6	                 0.8	     1.2527234734198	                 0.4	                 0.3	                 0.3	    2.71296299048136	   0.999999999999999
                   0	                 0.4	                 1.2	   0.773289863225556	                 0.4	                 0.3	                 0.3	    2.63145927674835	                   1
                   0	                 0.8	                 1.2	    1.00605530753387	                 0.4	                 0.3	                 0.3	    2.67102940228076	                   1
                   0	                 1.2	                 1.2	     1.2458589901866	                 0.4	                 0.3	                 0.3	    2.71179602833173	                   1
                   0	                 1.6	                 1.2	    1.10831826707752	                 0.4	                 0.3	                 0.3	    2.68841410540318	                   1
                   0	                 0.4	                 1.6	    1.01748806526364	                 0.4	                 0.3	                 0.3	    2.67297297109482	                   1
                   0	                 0.8	                 1.6	    1.23286268871194	                 0.4	                 0.3	                 0.3	    2.70958665708103	   0.999999999999999
                   0	                 1.2	                 1.6	    1.12903085601063	                 0.4	                 0.3	                 0.3	    2.69193524552181	   0.999999999999999
                   0	                 1.6	                 1.6	   0.836452632760023	                 0.4	                 0.3	                 0.3	    2.64219694756921	                   1
                   2	                 0.4	                 0.4	    1.17397469951101	                 0.4	                 0.3	                 0.3	    2.69957569891687	                   1
                   2	                 0.8	                 0.4	   0.882780620328737	                 0.4	                 0.3	                 0.3	    2.65007270545588	   0.999999999999999
                   2	                 1.2	                 0.4	   0.766257667466436	                 0.4	                 0.3	                 0.3	    2.63026380346929	   0.999999999999999
                   2	                 1.6	                 0.4	   0.956509572723661	                 0.4	                 0.3	                 0.3	    2.66260662736302	   0.999999999999998
                   2	                 0.4	                 0.8	   0.878778131873212	                 0.4	                 0.3	                 0.3	    2.64939228241846	                   1
                   2	                 0.8	                 0.8	    0.75823308352566	                 0.4	                 0.3	                 0.3	    2.62889962419937	                   1
                   2	                 1.2	                 0.8	   0.982232150065667	                 0.4	                 0.3	                 0.3	    2.66697946551116	   0.999999999999999
                   2	                 1.6	                 0.8	    1.22030139168072	                 0.4	                 0.3	                 0.3	    2.70745123658572	   0.999999999999999
                   2	                 0.4	                 1.2	   0.763648293474504	                 0.4	                 0.3	                 0.3	    2.62982020989068	                   1
                   2	                 0.8	                 1.2	    0.98769274305922	                 0.4	                 0.3	                 0.3	    2.66790776632007	                   1
                   2	                 1.2	                 1.2	    1.21370689555399	                 0.4	                 0.3	                 0.3	    2.70633017224419	                   1
                   2	                 1.6	                 1.2	    1.15731407862702	                 0.4	                 0.3	                 0.3	     2.6967433933666	                   1
                   2	                 0.4	                 1.6	   0.977407355397433	                 0.4	                 0.3	                 0.3	    2.66615925041758	    1.00000000000001
                   2	                 0.8	                 1.6	    1.22211309944221	                 0.4	                 0.3	                 0.3	    2.70775922690516	   0.999999999999993
                   2	                 1.2	                 1.6	     1.2062992879244	                 0.4	                 0.3	                 0.3	    2.70507087894718	    1.00000000000001
                   2	                 1.6	                 1.6	   0.895716370657753	                 0.4	                 0.3	                 0.3	    2.65227178301182	                   1
                 0.4	                   0	                 0.4	    1.12268861744787	                 0.4	                 0.3	                 0.3	    2.69085706496614	                   1
                 0.4	                   0	                 0.8	    0.81827348457211	                 0.4	                 0.3	                 0.3	    2.63910649237726	                   1
                 0.4	                   0	                 1.2	   0.776296235663135	                 0.4	                 0.3	                 0.3	    2.63197036006273	   0.999999999999999
                 0.4	                   0	                 1.6	    1.01420091979393	                 0.4	                 0.3	                 0.3	    2.67241415636498	                   1
                 0.8	                   0	                 0.4	   0.861003036387027	                 0.4	                 0.3	                 0.3	    2.64637051618579	   0.999999999999998
                 0.8	                   0	                 0.8	    0.77682766010137	                 0.4	                 0.3	                 0.3	    2.63206070221724	                   1
                 0.8	                   0	                 1.2	    1.00449176789647	                 0.4	                 0.3	                 0.3	    2.67076360054242	    1.00000000000001
                 0.8	                   0	                 1.6	    1.22666351245261	                 0.4	                 0.3	                 0.3	    2.70853279711694	   0.999999999999999
                 1.2	                   0	                 0.4	   0.781509437294801	                 0.4	                 0.3	                 0.3	    2.63285660434012	                   1
                 1.2	                   0	                 0.8	      1.062705581047	                 0.4	                 0.3	                 0.3	      2.680659948778	                   1
                 1.2	                   0	                 1.2	    1.24785945201262	                 0.4	                 0.3	                 0.3	    2.71213610684216	    1.00000000000001
                 1.2	                   0	                 1.6	    1.12696015599077	                 0.4	                 0.3	                 0.3	    2.69158322651844	                   1
                 1.6	                   0	                 0.4	    1.02259264460258	                 0.4	                 0.3	                 0.3	    2.67384074958244	                   1
                 1.6	                   0	                 0.8	     1.2603449360355	                 0.4	                 0.3	                 0.3	    2.71425863912603	   0.999999999999999
                 1.6	                   0	                 1.2	    1.11733106002797	                 0.4	                 0.3	                 0.3	    2.68994628020476	                   1
                 1.6	                   0	                 1.6	   0.821781815408727	                 0.4	                 0.3	                 0.3	    2.63970290861949	                   1
                 0.4	                   2	                 0.4	    1.19316493267543	                 0.4	                 0.3	                 0.3	    2.70283803855482	   0.999999999999998
                 0.4	                   2	                 0.8	   0.868327400860021	                 0.4	                 0.3	                 0.3	     2.6476156581462	   0.999999999999997
                 0.4	                   2	                 1.2	   0.770798474906605	                 0.4	                 0.3	                 0.3	    2.63103574073413	                   1
                 0.4	                   2	                 1.6	   0.994659697820342	                 0.4	                 0.3	                 0.3	    2.66909214862946	   0.999999999999999
                 0.8	                   2	                 0.4	   0.881662980403211	                 0.4	                 0.3	                 0.3	    2.64988270666854	   0.999999999999997
                 0.8	                   2	                 0.8	   0.753026174284026	                 0.4	                 0.3	                 0.3	    2.62801444962829	                   1
                 0.8	                   2	                 1.2	   0.998756172715998	                 0.4	                 0.3	                 0.3	    2.66978854936175	    1.00000000000001
                 0.8	                   2	                 1.6	    1.22694327161547	                 0.4	                 0.3	                 0.3	    2.70858035617464	                   1
                 1.2	                   2	                 0.4	   0.739760339821918	                 0.4	                 0.3	                 0.3	    2.62575925776973	                   1
                 1.2	                   2	                 0.8	   0.985456488654463	                 0.4	                 0.3	                 0.3	    2.66752760307127	                   1
                 1.2	                   2	                 1.2	    1.21773933437842	                 0.4	                 0.3	                 0.3	    2.70701568684433	   0.999999999999999
                 1.2	                   2	                 1.6	    1.19408052833289	                 0.4	                 0.3	                 0.3	     2.7029936898166	                   1
                 1.6	                   2	                 0.4	   0.970885137039761	                 0.4	                 0.3	                 0.3	    2.66505047329676	   0.999999999999999
                 1.6	                   2	                 0.8	    1.21745888030098	                 0.4	                 0.3	                 0.3	    2.70696800965119	    1.00000000000001
                 1.6	                   2	                 1.2	    1.15750035200194	                 0.4	                 0.3	                 0.3	    2.69677505984034	                   1
                 1.6	                   2	                 1.6	     0.8866535719286	                 0.4	                 0.3	                 0.3	    2.65073110722785	   0.999999999999994
                 0.4	                 0.4	                   0	     1.1189985071847	                 0.4	                 0.3	                 0.3	     2.6902297462214	                   1
                 0.8	                 0.4	                   0	   0.859447834264887	                 0.4	                 0.3	                 0.3	    2.64610613182503	                   1
                 1.2	                 0.4	                   0	   0.782676889209428	                 0.4	                 0.3	                 0.3	     2.6330550711656	   0.999999999999999
                 1.6	                 0.4	                   0	    1.03856135463328	                 0.4	                 0.3	                 0.3	    2.67655543028766	                   1
                 0.4	                 0.8	                   0	   0.803279939399537	                 0.4	                 0.3	                 0.3	    2.63655758969792	                   1
                 0.8	                 0.8	                   0	   0.790488336885304	                 0.4	                 0.3	                 0.3	     2.6343830172705	   0.999999999999999
                 1.2	                 0.8	                   0	    1.09148134621901	                 0.4	                 0.3	                 0.3	    2.68555182885723	                   1
                 1.6	                 0.8	                   0	     1.2519535699666	                 0.4	                 0.3	                 0.3	    2.71283210689432	                   1
                 0.4	                 1.2	                   0	   0.772003755176712	                 0.4	                 0.3	                 0.3	    2.63124063838005	                   1
                 0.8	                 1.2	                   0	    1.10779263448777	                 0.4	                 0.3	                 0.3	    2.68832474786292	                   1
                 1.2	                 1.2	                   0	    1.26266150078281	                 0.4	                 0.3	                 0.3	    2.71465245513308	                   1
                 1.6	                 1.2	                   0	    1.11623182851469	                 0.4	                 0.3	                 0.3	     2.6897594108475	                   1
                 0.4	                 1.6	                   0	    1.02674981883223	                 0.4	                 0.3	                 0.3	    2.67454746920148	   0.999999999999999
                 0.8	                 1.6	                   0	    1.25755788519097	                 0.4	                 0.3	                 0.3	    2.71378484048247	                   1
                 1.2	                 1.6	                   0	    1.11980523657651	                 0.4	                 0.3	                 0.3	    2.69036689021801	                   1
                 1.6	                 1.6	                   0	   0.827797623261109	                 0.4	                 0.3	                 0.3	    2.64072559595439	                   1
                 0.4	                 0.4	                   2	    1.18579566728935	                 0.4	                 0.3	                 0.3	    2.70158526343919	   0.999999999999999
                 0.8	                 0.4	                   2	   0.894554869701673	                 0.4	                 0.3	                 0.3	    2.65207432784928	   0.999999999999999
                 1.2	                 0.4	                   2	   0.749678211692106	                 0.4	                 0.3	                 0.3	    2.62744529598764	   0.999999999999994
                 1.6	                 0.4	                   2	   0.968204227406155	                 0.4	                 0.3	                 0.3	    2.66459471865904	   0.999999999999998
                 0.4	                 0.8	                   2	   0.879274736900678	                 0.4	                 0.3	                 0.3	    2.64947670527312	                   1
                 0.8	                 0.8	                   2	   0.748663544459794	                 0.4	                 0.3	                 0.3	    2.62727280255817	                   1
                 1.2	                 0.8	                   2	   0.941847057631963	                 0.4	                 0.3	                 0.3	    2.66011399979744	                   1
                 1.6	                 0.8	                   2	    1.22853172773453	                 0.4	                 0.3	                 0.3	    2.70885039371487	                   1
                 0.4	                 1.2	                   2	   0.753224422510741	                 0.4	                 0.3	                 0.3	    2.62804815182682	   0.999999999999999
                 0.8	                 1.2	                   2	   0.951042048981954	                 0.4	                 0.3	                 0.3	    2.66167714832695	    1.00000000000001
                 1.2	                 1.2	                   2	    1.22848965326188	                 0.4	                 0.3	                 0.3	    2.70884324105451	   0.999999999999998
                 1.6	                 1.2	                   2	    1.22404042850935	                 0.4	                 0.3	                 0.3	    2.70808687284659	                   1
                 0.4	                 1.6	                   2	   0.965617078531556	                 0.4	                 0.3	                 0.3	    2.66415490335038	    1.00000000000001
                 0.8	                 1.6	                   2	    1.23023404897377	                 0.4	                 0.3	                 0.3	    2.70913978832554	   0.999999999999999
                 1.2	                 1.6	                   2	    1.18750499381536	                 0.4	                 0.3	                 0.3	     2.7018758489486	   0.999999999999996
                 1.6	                 1.6	                   2	   0.891131932343624	                 0.4	                 0.3	                 0.3	    2.65149242849841	   0.999999999999998
   0.214618370086772	    1.86736337418972	   0.132050051478219	    1.13931518322212	                 0.4	                 0.3	                 0.3	    2.69368358114775	   0.999999999999996
    0.14520937108617	    1.78358511734907	   0.216359517279464	    1.10113017695821	                 0.4	                 0.3	                 0.3	     2.6871921300829	                   1
   0.103650992704651	    0.57854564054051	    1.48032615432547	     1.1237707487998	                 0.4	                 0.3	                 0.3	    2.69104102729597	                   1
   0.243754485506024	    1.43194258657138	    1.54443597697061	   0.844601035232263	                 0.4	                 0.3	                 0.3	    2.64358217598951	    1.00000000000001
   0.587555252460512	  0.0778649938950625	    1.54479400769398	    1.18267715724899	                 0.4	                 0.3	                 0.3	    2.70105511673231	   0.999999999999992
   0.999395291003464	     1.7085808453982	   0.291419154601804	    1.00155559555437	                 0.4	                 0.3	                 0.3	    2.67026445124424	   0.999999999999999
    1.76792857142857	    1.39792857142857	   0.232071428571429	   0.784880505041997	                 0.4	                 0.3	                 0.3	    2.63342968585714	   0.999999999999998
    1.76792857142857	   0.602071428571429	   0.232071428571429	    1.21496017040797	                 0.4	                 0.3	                 0.3	    2.70654322896935	   0.999999999999997
   0.999999999999995	                   1	                   1	     1.0591876714988	                 0.4	                 0.3	                 0.3	    2.68006190415479	   0.999999999999999
   0.872956493591974	   0.132913095081379	    1.26352175320401	    1.20737451766754	                 0.4	                 0.3	                 0.3	    2.70525366800348	   0.999999999999998
   0.980703649627675	     1.1229210587485	    1.54221740912083	   0.788945709173122	                 0.4	                 0.3	                 0.3	    2.63412077055943	   0.999999999999998
   0.728049899043254	     1.8863160751869	    1.27195010095675	   0.871620727076403	                 0.4	                 0.3	                 0.3	    2.64817552360298	   0.999999999999997
                 0.6	   0.812375972742144	     1.4103550794608	    1.10809410721012	                 0.4	                 0.3	                 0.3	    2.68837599822572	                   1
   0.650709792198393	   0.168048061121147	    1.39196934174845	    1.13820785858806	                 0.4	                 0.3	                 0.3	    2.69349533595999	    1.00000000000001
                 0.6	   0.888687948087258	                   1	    1.25188894131149	                 0.4	                 0.3	                 0.3	    2.71282112002296	                   1
   0.547254829762219	    1.34197674563563	    1.29656942010518	    0.87519017005714	                 0.4	                 0.3	                 0.3	    2.64878232890971	   0.999999999999998
    1.38571428571428	   0.614285714285716	    1.38571428571428	   0.759748269013899	                 0.4	                 0.3	                 0.3	    2.62915720573236	   0.999999999999999
    1.38571428571428	   0.614285714285716	   0.614285714285716	    1.24811707688774	                 0.4	                 0.3	                 0.3	    2.71217990307092	                   1
    1.38755839302853	    1.35055309860943	    0.54243380254153	   0.803208914801979	                 0.4	                 0.3	                 0.3	    2.63654551551634	                   1
   0.884126698916419	   0.504064702298232	    1.49593529770177	    1.07515740408754	                 0.4	                 0.3	                 0.3	    2.68277675869488	   0.999999999999998
   0.160965367948162	   0.669254929412409	    1.33074507058759	    1.11316697357456	                 0.4	                 0.3	                 0.3	    2.68923838550768	                   1
                 0.6	     1.4054227355987	   0.594577264401301	    1.26161247061026	                 0.4	                 0.3	                 0.3	    2.71447412000374	                   1
   0.503045919094781	   0.432838953664404	    1.34488592556403	    1.16314408769261	                 0.4	                 0.3	                 0.3	    2.69773449490774	                   1
    1.43394946292322	    1.37383246432655	    1.23235423949564	    1.06279473063333	                 0.4	                 0.3	                 0.3	    2.68067510420767	                   1
                 0.6	   0.533948794009568	   0.533948794009568	   0.783500258716264	                 0.4	                 0.3	                 0.3	    2.63319504398176	   0.999999999999999
   0.446474523516881	    1.71382752458002	    1.55352547648312	   0.812982611800825	                 0.4	                 0.3	                 0.3	    2.63820704400614	   0.999999999999998
       113	       158	       171	       174
       113	       109	       158	       174
       161	       168	       164	       174
       126	       127	       130	       161
       131	       130	       127	       161
        49	         4	       133	       153
        24	       133	         4	       153
       126	       161	       130	       174
       130	       161	       131	       171
        82	        78	       169	       176
        78	       170	       169	       176
       130	       161	       171	       174
       110	       171	       161	       174
       126	       161	       174	       177
       169	       170	       161	       176
       161	       164	       110	       174
       110	       164	       161	       176
       161	       171	       110	       176
       164	       168	       161	       176
       114	       110	       171	       176
        79	       171	        78	       176
        78	       171	       170	       176
       161	       170	       162	       177
       137	       155	        70	       165
       170	       171	       161	       176
       162	       167	       161	       177
       155	       165	       137	       175
        40	        75	        76	       159
        75	        40	        39	       159
       128	        37	        38	       160
       128	       124	        37	       160
        50	       134	       135	       158
        51	        50	       135	       158
       110	       114	       164	       176
       113	       158	       135	       171
        82	        83	        79	       176
        79	        78	        82	       176
       161	       169	       162	       170
       115	       164	       114	       176
       162	       169	       161	       172
        71	       156	       145	       168
       162	       175	       167	       177
        61	       167	       173	       175
       148	        87	       169	       176
       162	       169	        98	       170
        99	        98	       162	       169
       167	       174	       161	       177
        58	       174	       167	       177
       148	       169	       163	       176
       162	       161	       167	       172
       145	       168	       156	       178
       125	       174	        58	       177
        69	        66	        70	       155
        65	        66	        69	       155
       163	       168	       164	       176
       125	       126	       174	       177
       134	       158	       109	       174
        62	       167	        58	       174
       162	       172	       167	       175
       162	        94	       175	       177
       164	       168	       163	       178
        59	        58	       129	       174
       125	       129	        58	       174
        63	       167	        62	       174
       103	        81	        77	       169
        87	        86	       144	       169
       144	       148	        87	       169
       103	        77	       102	       169
        77	       102	       169	       170
        74	        75	       132	       171
       128	        74	       132	       171
       128	       170	        74	       171
       137	       172	       157	       175
        59	        63	        62	       174
        62	        58	        59	       174
        61	       167	       175	       177
       129	       126	       130	       174
       125	       126	       129	       174
       106	       168	        64	       174
       163	       161	       168	       176
       151	       150	       116	       163
       112	       116	       150	       163
        61	       175	        90	       177
        58	       167	        62	       177
        61	       173	        65	       175
       103	       102	        99	       169
       128	       132	       131	       171
       113	       114	       110	       171
       102	        98	        99	       169
        77	        81	        78	       169
        77	       169	        78	       170
        74	        78	        75	       171
        74	       170	        78	       171
        82	        78	        81	       169
       102	        98	       169	       170
        79	        75	        78	       171
       128	       131	       127	       171
       128	       127	       170	       171
        70	       165	       155	       173
       106	       164	       168	       174
       144	       163	       148	       169
        71	       145	       165	       168
       112	       164	       163	       178
        94	        90	       175	       177
        97	       170	       123	       177
       112	       163	       150	       178
        68	       106	       107	       168
       106	        68	        64	       168
       116	       151	       163	       176
       163	       165	       145	       168
       123	       170	       127	       177
        97	        98	       170	       177
       111	       110	       114	       164
       115	       111	       114	       164
        71	        67	       165	       173
       143	       163	       144	       169
        61	       167	        62	       173
       147	       148	       144	       163
       144	       143	       147	       163
       123	       126	       122	       177
        97	        94	        98	       177
       123	       127	       126	       177
        94	        97	        93	       177
        97	       123	       122	       177
        93	        97	       122	       177
       106	       164	       107	       168
       155	       173	       165	       175
        63	       168	       167	       174
        64	       168	        63	       174
       136	       159	        76	       171
       124	        73	       160	       170
       137	       138	       157	       172
       152	       148	       151	       176
       148	       147	       151	       176
       165	       172	       137	       175
        71	       165	        70	       173
       132	        75	       159	       171
       128	       160	        74	       170
       148	       163	       147	       176
       137	       157	        92	       175
        88	       148	       152	       176
       152	       151	       120	       176
        88	        87	       148	       176
       116	       120	       151	       176
        71	       165	        67	       168
        69	       155	       137	       175
       137	        70	       141	       165
       165	       167	        67	       168
        68	        71	        67	       156
        72	        71	        68	       156
       136	       132	       159	       171
        74	       160	        73	       170
       167	       172	       165	       175
       146	       168	       145	       178
       141	        70	        71	       165
       141	        71	       145	       165
       149	       145	       156	       178
       106	       110	       164	       174
       147	       163	       151	       176
        76	       159	        75	       171
       128	       124	       160	       170
       146	       145	       163	       165
        49	       105	        17	       153
        17	         4	        49	       153
        88	       152	       120	       176
       163	       169	       161	       176
       137	       165	       141	       172
       161	       167	       168	       174
        64	        68	        67	       168
        64	        67	        63	       168
       146	       163	       145	       168
       141	       165	       142	       172
        68	       156	       168	       178
        71	        67	       156	       168
        67	       167	        63	       168
        91	        90	        65	       175
        61	        65	        90	       175
       118	       171	        80	       176
        61	        62	       167	       177
        95	       162	        94	       175
        91	        94	        90	       175
        91	        95	        94	       175
       165	       167	       161	       172
       141	       145	       142	       165
       146	       142	       145	       165
        70	       137	        69	       155
        80	       171	        79	       176
       114	       171	       118	       176
       113	       109	        51	       158
       109	        50	        51	       158
        73	        74	        38	       160
        38	        37	        73	       160
       132	        39	       136	       159
        40	       136	        39	       159
        68	       156	        67	       168
        80	        84	       119	       176
       118	        80	       119	       176
       163	       165	       161	       172
       146	       145	       149	       178
       150	       146	       149	       178
       165	       173	       167	       175
       161	       167	       165	       168
        85	       144	        86	       169
       139	       104	       100	       169
       104	        85	        81	       169
       103	       104	        81	       169
       140	       104	       139	       169
        85	       140	       144	       169
       118	       117	        80	       171
        80	       117	        76	       171
       113	       135	       136	       171
       136	       117	       113	       171
       123	       101	       124	       170
       101	       102	        73	       170
        97	       101	       123	       170
        77	        73	       102	       170
        62	       167	        66	       173
       120	       119	        88	       176
        84	        88	       119	       176
       163	       161	       165	       168
       163	       161	       169	       172
       163	       169	       143	       172
        69	        65	       155	       175
       137	       141	       138	       172
       138	       141	       142	       172
       146	       163	       142	       165
        85	       104	       140	       169
        73	       124	       101	       170
       136	        76	       117	       171
       105	        64	        60	       174
       105	       106	        64	       174
       129	        60	        59	       174
       133	        60	       129	       174
        80	        79	        83	       176
       118	       119	       115	       176
        80	        83	        84	       176
       115	       114	       118	       176
       109	       105	       134	       174
       134	       105	       133	       174
        96	       157	       138	       172
        68	       168	       107	       178
       139	       169	       100	       172
       142	       165	       163	       172
        60	       133	       105	       174
        61	        89	        57	       177
       125	        58	       121	       177
       121	        58	        57	       177
        61	        90	        89	       177
        84	        87	        88	       176
        84	        83	        87	       176
       116	       115	       119	       176
       116	       119	       120	       176
       157	       172	       166	       175
        66	        62	        63	       167
        63	        67	        66	       167
       143	       169	       139	       172
        41	         9	        21	         2
        36	        56	        32	         7
       137	        92	        69	       175
       142	       163	       143	       172
        61	        58	        62	       177
        61	        57	        58	       177
       103	        99	       100	       169
       100	       104	       103	       169
       140	       139	       143	       169
       143	       144	       140	       169
        82	        81	        85	       169
        85	        86	        82	       169
        98	       101	        97	       170
        76	        75	        79	       171
       113	       117	       114	       171
       136	       135	       132	       171
       128	       127	       124	       170
        77	        78	        74	       170
        74	        73	        77	       170
       101	        98	       102	       170
       135	       131	       132	       171
        76	        79	        80	       171
       114	       117	       118	       171
       123	       124	       127	       170
        65	        62	        66	       173
        61	        62	        65	       173
        71	        70	        67	       173
        66	        67	        70	       173
        65	       173	       155	       175
        64	        63	        60	       174
        63	        59	        60	       174
        92	        91	        69	       175
        91	        65	        69	       175
       130	       134	       133	       174
       106	       105	       109	       174
       109	       110	       106	       174
       133	       129	       130	       174
       139	       100	       138	       172
        96	       138	       100	       172
        93	       122	        89	       177
       122	       121	        89	       177
       107	       168	       164	       178
       105	        17	       153	       154
       151	       147	       150	       163
       146	       150	       147	       163
       121	        57	        89	       177
        40	        76	       136	       159
        50	       109	       134	       158
        37	       124	        73	       160
        68	        72	       156	       178
       149	       156	        72	       178
        17	       105	        60	       154
        96	       166	       157	       172
       139	       138	       142	       172
       142	       143	       139	       172
        49	       133	       105	       153
        76	         8	       117	        33
       108	         3	       149	        53
         5	        85	       140	        29
        85	       140	        29	       144
       124	         6	       101	        44
        92	         1	        69	        12
         1	        92	        69	        45
         1	        13	        45	        69
        25	       124	       101	        73
        25	       124	         6	       101
        37	        25	       124	         6
        25	        37	       124	        73
         9	        41	        21	        89
        14	        71	       141	        70
       117	        40	        76	       136
        57	        10	         9	        89
        97	        43	       122	       123
       117	         8	        40	        52
        42	       121	        89	       122
        59	        58	        23	       129
        13	       137	        45	        69
        11	        61	        90	        10
        85	       104	        28	       140
        48	        28	       104	       140
        85	         5	       140	        28
       140	        28	         5	        48
       117	        40	       136	        52
       117	       118	        80	        33
       118	        34	        80	        33
        43	        93	       122	        42
         8	        76	       117	        40
       124	       101	       123	        44
       121	        21	        57	        22
       133	       134	        49	       105
       137	        14	        70	        13
        58	       121	        57	        22
        58	       125	        22	        23
       133	        24	       129	        60
       105	        50	       134	        49
        58	       125	        23	       129
        24	        59	       129	        60
        18	       105	        64	        17
       120	        32	        56	       152
       120	        32	       152	        88
        16	       108	         3	       149
       145	        16	        72	        15
        46	       138	       100	        96
        47	       138	       139	       100
        47	       138	       100	        46
       120	        32	        88	        36
       104	        27	        81	        28
       139	        47	       104	        48
        87	       144	        30	       148
       152	        31	        88	        32
        55	       152	       120	        56
        56	        36	        32	       120
       120	        36	        88	        35
       119	        35	        84	        34
        80	       119	        34	       118
       119	        80	        34	        84
        80	       117	        33	        76
       136	        51	       113	        52
       101	       102	        25	        73
        73	        26	       102	        25
        93	        43	       122	        97
        57	        21	       121	        89
        39	        75	       132	        74
        21	         9	        89	        57
        41	        21	        89	       121
        42	       121	        41	        89
        20	        16	       108	         3
        71	        14	       141	        15
        35	        88	       120	       119
       105	        50	       109	       134
        23	        59	       129	        24
        16	       145	        72	       149
       105	        18	        64	       106
        64	        17	       105	        60
       139	        47	       100	       104
       106	        19	        68	       107
        61	        11	        90	        65
        72	        15	        71	       145
        92	        45	       137	        69
        71	        15	       141	       145
        11	        90	        65	        91
        65	        12	        11	        91
        81	       103	        27	       104
        97	        44	       123	       101
        81	        85	       104	        28
        29	        86	       144	        30
        86	        29	       144	        85
        88	        31	       148	        87
        55	       120	       151	       116
        35	        84	        88	       119
       152	        55	       120	       151
        31	       152	        88	       148
       128	        38	       132	        74
        51	       136	       113	       135
        27	        77	       103	        81
        73	        26	        77	       102
        44	        97	       123	        43
       137	        14	       141	        70
        65	        12	        91	        69
        57	        10	        89	        61
        64	       106	        18	        68
        90	        89	        10	        61
        77	        27	       103	        26
        89	        93	        42	       122
       125	       121	        58	        22
       106	        19	        18	        68
        69	        92	        12	        91
       137	        13	        70	        69
        38	        39	       132	        74
        48	       104	       139	       140
        30	        86	       144	        87
        30	        31	        87	       148
       112	        54	       150	       116
        55	       151	        54	       116
        52	       136	       117	       113
        77	        26	       103	       102
       151	       150	        54	       116
        90	        94	        93	       177
       122	       126	       125	       177
        93	        89	        90	       177
       125	       121	       122	       177
        17	         4	       153	       154
        91	       166	        95	       175
        53	        54	       150	       178
        19	        72	        68	       178
        20	        72	        19	       178
       150	       149	        53	       178
       113	        51	       135	       158
       128	        38	        74	       160
        75	        39	       132	       159
        95	       166	       162	       175
        19	        68	       107	       178
       150	        54	       112	       178
       107	       108	        20	       178
        53	       112	        54	       178
        53	       108	       112	       178
        20	        19	       107	       178
       143	       142	       146	       163
       146	       147	       143	       163
         4	        24	       153	       154
       111	       112	       108	       164
       108	       107	       111	       164
        96	       100	       162	       172
        66	       155	        65	       173
       166	       172	       162	       175
        53	       149	       108	       178
        96	       100	        99	       162
        96	        99	        95	       162
       112	       111	       115	       164
       107	       106	       110	       164
       110	       111	       107	       164
        98	        94	        95	       162
        95	        99	        98	       162
        96	       162	       166	       172
        70	       155	        66	       173
       108	       164	       112	       178
       107	       164	       108	       178
        95	        96	       162	       166
         4	        60	        24	       154
        17	        60	         4	       154
       145	        72	       149	       156
        71	        72	       145	       156
       171	       127	       161	       131
       171	       161	       127	       170
       157	       138	        46	        96
       157	        46	       138	       137
        45	       157	        46	        96
        45	        46	       157	       137
        92	       157	        45	        96
        92	        45	       157	       137
       174	       113	       110	       171
       174	       110	       113	       109
       177	        98	       162	        94
       177	       162	        98	       170
       177	       127	       161	       170
       177	       161	       127	       126
       173	        67	       167	        66
       173	       167	        67	       165
       178	       163	       146	       168
       178	       146	       163	       150
        96	       157	        95	        92
        96	        95	       157	       166
       162	       169	       100	        99
       162	       100	       169	       172
       149	       178	        16	       108
       149	        16	       178	        72
        20	        16	       178	       108
        20	       178	        16	        72
       112	       163	       176	       116
       176	       163	       112	       164
       176	       115	       112	       116
       112	       115	       176	       164
        60	       154	       133	        24
        60	       133	       154	       105
       153	       133	       154	        24
       153	       154	       133	       105
       135	       171	       134	       131
       130	       134	       171	       131
       130	       171	       134	       174
       175	        92	       166	       157
       175	       166	        92	        91
        95	       166	        92	       157
        95	        92	       166	        91
       171	       134	       158	       135
       171	       158	       134	       174
        87	       176	        86	       169
        87	        86	       176	        83
        82	        86	       176	       169
        82	       176	        86	        83
